%YAML:1.0
training: !!opencv-matrix
   rows: 99
   cols: 50
   dt: f
   data: [ 1.04364324e-02, 3.88994291e-02, 8.53889901e-03,
       2.56166980e-02, 4.74383309e-03, 3.79506638e-03, 9.48766619e-03,
       2.75142305e-02, 2.84629967e-03, 5.40796965e-02, 2.65654642e-02,
       1.61290318e-02, 5.69259934e-03, 2.84629967e-03, 1.42314993e-02,
       1.80265661e-02, 1.89753319e-03, 1.42314993e-02, 8.53889901e-03,
       2.18216311e-02, 1.32827321e-02, 4.17457297e-02, 1.80265661e-02,
       4.36432622e-02, 1.61290318e-02, 1.32827321e-02, 2.08728649e-02,
       2.84629967e-03, 3.22580636e-02, 7.59013277e-03, 4.07969654e-02,
       5.69259934e-03, 3.22580636e-02, 7.77988583e-02, 2.84629967e-03,
       3.03605311e-02, 2.94117648e-02, 1.32827321e-02, 2.84629967e-03,
       1.13851987e-02, 2.84629986e-02, 1.61290318e-02, 3.98481973e-02,
       2.27703974e-02, 0., 5.02846278e-02, 8.53889901e-03,
       7.59013277e-03, 3.32068317e-02, 2.08728649e-02, 6.30914792e-03,
       5.04731834e-02, 1.05152465e-02, 3.04942150e-02, 8.41219723e-03,
       7.36067258e-03, 5.25762327e-03, 3.04942150e-02, 2.10304931e-03,
       4.94216606e-02, 1.26182958e-02, 1.47213452e-02, 7.36067258e-03,
       3.15457396e-03, 2.41850670e-02, 1.05152465e-02, 5.25762327e-03,
       2.62881164e-02, 5.25762327e-03, 3.15457396e-02, 1.36698205e-02,
       4.52155620e-02, 1.99789684e-02, 3.15457396e-02, 1.89274438e-02,
       1.15667712e-02, 2.10304931e-02, 3.15457396e-03, 2.83911657e-02,
       7.36067258e-03, 3.99579369e-02, 6.30914792e-03, 2.94426903e-02,
       5.78338578e-02, 1.05152465e-03, 3.47003117e-02, 2.73396410e-02,
       1.15667712e-02, 5.25762327e-03, 7.36067258e-03, 3.47003117e-02,
       1.57728698e-02, 2.94426903e-02, 2.94426903e-02, 0.,
       5.57308048e-02, 1.47213452e-02, 4.20609862e-03, 2.73396410e-02,
       2.52365917e-02, 8.49858299e-03, 3.96600552e-02, 9.91501380e-03,
       2.69121807e-02, 8.49858299e-03, 1.41643058e-03, 8.49858299e-03,
       2.54957508e-02, 0., 4.95750718e-02, 2.54957508e-02,
       1.13314446e-02, 4.24929149e-03, 1.41643058e-03, 3.11614722e-02,
       1.13314446e-02, 4.24929149e-03, 2.97450423e-02, 5.66572230e-03,
       2.54957508e-02, 1.27478754e-02, 5.24079315e-02, 1.55807361e-02,
       4.53257784e-02, 7.08215311e-03, 2.54957508e-02, 2.97450423e-02,
       4.24929149e-03, 3.11614722e-02, 4.24929149e-03, 2.12464593e-02,
       9.91501380e-03, 3.11614722e-02, 6.79886639e-02, 2.83286115e-03,
       2.54957508e-02, 2.54957508e-02, 1.13314446e-02, 0.,
       1.27478754e-02, 5.24079315e-02, 8.49858299e-03, 3.25779021e-02,
       1.41643062e-02, 0., 7.22379610e-02, 1.55807361e-02,
       4.24929149e-03, 2.54957508e-02, 9.91501380e-03, 8.53788666e-03,
       4.05549631e-02, 1.70757733e-02, 2.66808961e-02, 3.20170750e-03,
       6.40341500e-03, 9.60512273e-03, 2.77481321e-02, 0.,
       6.18996769e-02, 2.34791879e-02, 1.28068300e-02, 8.53788666e-03,
       2.13447167e-03, 2.45464239e-02, 1.17395939e-02, 3.20170750e-03,
       2.13447176e-02, 6.40341500e-03, 2.13447176e-02, 1.28068300e-02,
       4.48239036e-02, 1.60085373e-02, 3.52187827e-02, 1.28068300e-02,
       1.60085373e-02, 2.02774815e-02, 3.20170750e-03, 2.88153682e-02,
       9.60512273e-03, 3.52187827e-02, 9.60512273e-03, 2.98826024e-02,
       6.61686212e-02, 5.33617940e-03, 3.62860188e-02, 2.34791879e-02,
       8.53788666e-03, 3.20170750e-03, 9.60512273e-03, 3.94877270e-02,
       7.47065060e-03, 3.73532549e-02, 2.13447176e-02, 1.06723583e-03,
       6.51013851e-02, 1.06723588e-02, 4.26894333e-03, 2.45464239e-02,
       2.45464239e-02, 3.92156886e-03, 4.44444455e-02, 6.53594779e-03,
       3.13725509e-02, 1.04575166e-02, 1.30718958e-03, 7.84313772e-03,
       1.96078438e-02, 1.30718958e-03, 4.96732034e-02, 1.69934649e-02,
       2.22222228e-02, 7.84313772e-03, 0., 2.48366017e-02,
       1.56862754e-02, 1.30718958e-03, 2.09150333e-02, 7.84313772e-03,
       2.87581701e-02, 1.43790850e-02, 2.61437912e-02, 1.17647061e-02,
       3.92156877e-02, 2.22222228e-02, 9.15032718e-03, 1.30718956e-02,
       1.30718958e-03, 4.18300666e-02, 2.61437916e-03, 3.79084982e-02,
       3.92156886e-03, 2.61437912e-02, 5.88235296e-02, 6.53594779e-03,
       3.39869298e-02, 2.74509806e-02, 1.96078438e-02, 0.,
       1.56862754e-02, 4.18300666e-02, 1.43790850e-02, 4.18300666e-02,
       3.13725509e-02, 0., 6.27451017e-02, 1.17647061e-02,
       7.84313772e-03, 2.87581701e-02, 2.48366017e-02, 1.13507384e-03,
       4.42678779e-02, 6.81044301e-03, 2.38365512e-02, 1.58910342e-02,
       1.13507384e-03, 1.81611814e-02, 2.61066984e-02, 2.27014767e-03,
       3.97275835e-02, 2.15664022e-02, 1.70261078e-02, 5.67536894e-03,
       1.13507384e-03, 2.38365512e-02, 2.27014758e-02, 1.13507384e-03,
       1.58910342e-02, 2.27014767e-03, 2.61066984e-02, 1.58910342e-02,
       3.17820683e-02, 9.08059068e-03, 5.10783233e-02, 1.36208860e-02,
       1.24858124e-02, 2.27014758e-02, 2.27014767e-03, 3.06469928e-02,
       3.40522151e-03, 3.17820683e-02, 6.81044301e-03, 2.95119192e-02,
       7.26447254e-02, 4.54029534e-03, 2.72417720e-02, 2.15664022e-02,
       1.70261078e-02, 1.13507384e-03, 1.13507379e-02, 4.88081761e-02,
       1.13507379e-02, 3.51872891e-02, 3.74574363e-02, 0.,
       7.26447254e-02, 1.36208860e-02, 4.54029534e-03, 1.58910342e-02,
       2.72417720e-02, 3.30396462e-03, 4.62555066e-02, 5.50660770e-03,
       2.86343601e-02, 1.87224671e-02, 3.30396462e-03, 1.65198222e-02,
       2.64317170e-02, 2.20264308e-03, 4.18502167e-02, 2.20264308e-02,
       1.87224671e-02, 4.40528616e-03, 2.20264308e-03, 2.97356807e-02,
       2.09251083e-02, 2.20264308e-03, 1.65198222e-02, 8.81057233e-03,
       2.42290739e-02, 1.21145369e-02, 2.75330395e-02, 9.91189387e-03,
       4.73568253e-02, 1.21145369e-02, 1.21145369e-02, 1.87224671e-02,
       3.30396462e-03, 2.86343601e-02, 5.50660770e-03, 3.41409668e-02,
       4.40528616e-03, 3.30396444e-02, 7.26872236e-02, 5.50660770e-03,
       2.75330395e-02, 2.64317170e-02, 1.76211447e-02, 1.10132154e-03,
       6.60792924e-03, 4.73568253e-02, 8.81057233e-03, 3.41409668e-02,
       2.97356807e-02, 1.10132154e-03, 5.83700426e-02, 1.10132154e-02,
       6.60792924e-03, 2.97356807e-02, 2.42290739e-02, 1.89933518e-03,
       3.70370373e-02, 7.59734074e-03, 2.37416904e-02, 1.32953459e-02,
       1.89933518e-03, 2.08926871e-02, 2.37416904e-02, 9.49667592e-04,
       4.36847098e-02, 2.18423549e-02, 1.99430194e-02, 7.59734074e-03,
       0., 2.84900274e-02, 1.13960113e-02, 1.89933518e-03,
       2.56410241e-02, 1.89933518e-03, 2.65906919e-02, 1.32953459e-02,
       2.56410241e-02, 1.32953459e-02, 3.89363728e-02, 1.70940161e-02,
       9.49667580e-03, 3.70370373e-02, 2.84900283e-03, 3.51377018e-02,
       1.89933518e-03, 2.84900274e-02, 1.89933518e-03, 3.13390307e-02,
       7.88224116e-02, 1.23456791e-02, 3.32383662e-02, 2.65906919e-02,
       1.32953459e-02, 9.49667592e-04, 1.23456791e-02, 4.36847098e-02,
       1.51946815e-02, 3.32383662e-02, 2.27920227e-02, 9.49667592e-04,
       5.69800548e-02, 7.59734074e-03, 5.69800567e-03, 2.56410241e-02,
       3.41880322e-02, 1.94741972e-03, 3.79746854e-02, 9.73709859e-03,
       2.14216169e-02, 2.33690366e-02, 0., 2.14216169e-02,
       2.14216169e-02, 1.94741972e-03, 3.70009765e-02, 1.94741972e-02,
       1.65530667e-02, 4.86854929e-03, 0., 3.11587155e-02,
       1.75267775e-02, 9.73709859e-04, 2.04479061e-02, 1.94741972e-03,
       2.33690366e-02, 1.36319380e-02, 3.11587155e-02, 1.36319380e-02,
       3.79746854e-02, 1.75267775e-02, 1.36319380e-02, 3.31061333e-02,
       1.94741972e-03, 2.62901671e-02, 5.84225915e-03, 3.40798460e-02,
       5.84225915e-03, 3.01850066e-02, 7.69230798e-02, 1.07108084e-02,
       3.60272638e-02, 3.21324244e-02, 1.55793577e-02, 0.,
       5.84225915e-03, 4.67380732e-02, 7.78967887e-03, 3.11587155e-02,
       3.11587155e-02, 0., 5.84225915e-02, 8.76338873e-03,
       2.92112958e-03, 2.53164563e-02, 3.31061333e-02, 0.,
       4.49760742e-02, 4.78468882e-03, 2.48803832e-02, 2.10526306e-02,
