%YAML:1.0
vocabulary: !!opencv-matrix
   rows: 50
   cols: 32
   dt: f
   data: [ 6.24476373e-01, 1.05463855e-01, 4.73090202e-01,
       -9.47022885e-02, -4.51137731e-03, -9.74733941e-03,
       -2.32321378e-02, -1.27732065e-02, 2.19232962e-02, 1.40557503e-02,
       1.32981909e-03, -1.95760769e-03, -3.07480479e-03, 1.50282672e-02,
       8.05935822e-03, 4.56264894e-03, -2.74355221e-03, -2.53499523e-02,
       -3.86309624e-03, -1.03651034e-02, 2.59763724e-03, 5.33463259e-04,
       -1.83568348e-03, 2.29499955e-03, -6.53283263e-04, 8.60780303e-04,
       -2.59870838e-04, -1.59956247e-03, -1.17742561e-03,
       -8.89180601e-03, 3.47700599e-03, -7.21730525e-03, 3.19431759e-02,
       4.64713305e-01, -2.56099552e-01, 1.29596014e-02, 3.32592167e-02,
       8.73361975e-02, 9.70661417e-02, -8.88632461e-02, 5.11746667e-02,
       -2.75305454e-02, -1.36444520e-03, 3.99456732e-02, -1.33050501e-01,
       -1.30409151e-02, -8.31109136e-02, 3.09799071e-02, 6.02542982e-02,
       1.14846909e-02, -8.04965268e-04, 1.17017152e-02, 2.22488325e-02,
       -1.87972579e-02, 2.91765425e-02, 8.69465526e-03, 3.68507789e-03,
       -2.66977213e-02, 2.54829950e-03, 1.57251991e-02, 5.85364643e-03,
       3.22890258e-03, -2.14423668e-02, -4.27255081e-03, -2.11635008e-01,
       3.61347824e-01, 1.53034002e-01, -9.50540528e-02, 2.60828305e-02,
       -9.84278694e-02, 1.10905789e-01, 3.94019037e-02, -7.89510012e-02,
       -8.73363297e-03, 6.18951488e-03, 7.02051865e-03, -1.79876238e-02,
       1.66325774e-02, -2.54269149e-02, 2.54930723e-02, 7.18322396e-03,
       -6.08621398e-03, 1.48461135e-02, 1.49738723e-02, 2.17629988e-02,
       4.17301338e-03, 6.00636052e-03, 3.00227618e-03, 8.04871693e-03,
       -1.01475259e-02, -1.50377471e-02, -1.87798571e-02, 3.64000560e-03,
       4.35329080e-02, -2.25642845e-02, 2.44640037e-02, -6.45544410e-01,
       8.73004347e-02, -1.09089561e-01, 6.02579527e-02, 2.25570500e-02,
       1.48492381e-01, -3.08820792e-03, 2.59820908e-01, 5.08319363e-02,
       -8.06417540e-02, 2.73408089e-02, 5.26071154e-02, -8.80512148e-02,
       9.38470382e-03, 6.40313402e-02, -6.44519227e-03, 2.30434593e-02,
       -2.75543630e-02, 2.06122808e-02, -5.84711973e-03, -5.04206866e-03,
       -2.54992605e-03, -8.48150905e-03, 1.73253436e-02, 1.04729757e-02,
       -3.48856696e-03, 2.33398098e-03, 5.07776299e-03, 9.20276274e-04,
       -7.73413619e-03, 5.87914791e-03, -1.05717580e-03, 1.65618822e-01,
       -3.31688553e-01, -7.29051158e-02, 3.42060477e-02, 2.27070041e-03,
       -1.12055853e-01, 1.16610490e-01, 5.32304943e-02, -4.16753218e-02,
       -2.11509526e-01, -1.72293827e-01, -2.12889127e-02, 1.77900828e-02,
       -1.84571221e-02, -8.32999218e-03, 1.59056708e-02, 1.40568567e-02,
       -3.00251562e-02, -1.69972784e-03, -4.00155596e-03,
       -1.12674415e-01, -4.41713817e-02, -2.37256847e-02, 4.56999149e-03,
       1.27673978e-02, 6.97699795e-03, 1.84760639e-03, -6.47319853e-03,
       2.25245487e-03, -1.50591368e-02, -6.94300141e-03, -1.06823426e-02,
       4.23904866e-01, 3.60822901e-02, 1.84442937e-01, 2.40396544e-01,
       -3.90010923e-01, 2.09192540e-02, -3.13007273e-02, -2.09638745e-01,
       -2.42019985e-02, -4.75031808e-02, 4.16868627e-02, 4.44344208e-02,
       -4.72186841e-02, -2.29622740e-02, 4.73628454e-02, 8.97020176e-02,
       -4.95792180e-03, -1.13884965e-03, 4.92730141e-02, 1.12405354e-02,
       2.13115802e-03, 1.99687842e-04, 8.21240246e-03, -3.26436497e-02,
       -3.63559909e-02, 2.40909066e-02, 3.24719702e-03, 1.30011309e-02,
       -2.02619359e-02, -3.16666961e-02, -1.83171481e-02,
       -8.98020808e-03, -3.36100847e-01, -7.06357300e-01, 1.61165688e-02,
       -3.11453581e-01, -4.37747650e-02, 1.65880218e-01, -1.04001842e-01,
       -4.03517298e-02, -5.71259717e-03, 3.38446423e-02, 3.30225825e-02,
       -3.68955312e-03, -4.41001449e-03, -7.19259493e-04,
       -2.05461145e-03, 4.01419401e-03, 3.28715355e-03, -2.21844371e-02,
       -1.27984453e-02, -2.75501292e-02, 1.02338027e-02, 9.80539713e-03,
       -3.20448074e-03, 3.57675925e-03, -2.40249815e-03, -1.01255218e-03,
       3.54202604e-03, 3.48585122e-03, 3.82873067e-03, 7.02041341e-03,
       3.35186394e-03, -1.96340238e-03, 3.19945544e-01, -2.81786293e-01,
       -3.32988910e-02, -2.33534962e-01, -2.36857440e-02, 1.28539413e-01,
       9.13811028e-02, 3.82571444e-02, -3.14469188e-02, -5.69008337e-03,
       -1.35263549e-02, 7.61740049e-03, -2.41265050e-03, -1.91201381e-02,
       -1.70092401e-03, 1.45305190e-02, -3.33323050e-03, 1.05358139e-02,
       3.17408633e-03, -2.29091644e-02, 1.34665873e-02, -1.91552211e-02,
       -3.63076739e-02, 4.19871043e-03, -2.52198684e-03, -4.36378084e-03,
       3.18917702e-03, -4.52678977e-03, -1.82452612e-03, 2.28720456e-02,
       -9.00122896e-03, 2.53998190e-02, 9.01965871e-02, -2.47510791e-01,
       2.16144491e-02, -1.38679976e-02, -1.74770243e-02, 5.19934185e-02,
       -5.88417463e-02, -5.79511747e-02, 6.57282546e-02, 2.85329133e-01,
       2.46305302e-01, 3.01639605e-02, -2.74259429e-02, 5.17933816e-02,
       -6.40162313e-03, -6.12838194e-02, 1.06403017e-02, -6.93694204e-02,
       1.70414746e-02, 6.60191998e-02, -1.49717420e-01, -5.79270199e-02,
       2.07005022e-03, 1.42791588e-02, 8.92562512e-03, -1.08386101e-02,
       -7.35413108e-04, -7.34534394e-03, -1.16847465e-02,
       -3.18432823e-02, 2.18820744e-04, -1.85992476e-02, 7.47787297e-01,
       -3.13384943e-02, 3.15685496e-02, -2.49626905e-01, -1.00830365e-02,
       1.67793468e-01, 1.56651497e-01, 4.15781923e-02, -8.71534087e-03,
       4.00541816e-03, 1.92399602e-02, 7.54758622e-03, -3.89513792e-03,
       -1.69845987e-02, -2.22565536e-03, -1.10426033e-02, 3.52809147e-04,
       -2.87599638e-02, 1.50396983e-04, 5.63473301e-03, -4.89554543e-04,
       -3.26845329e-03, -5.81525359e-03, -2.12325039e-03,
       -2.03410513e-03, 2.18297681e-03, 1.17313303e-02, 1.31464833e-02,
       5.58064494e-04, -1.57621764e-02, 3.20711988e-03, -4.44258517e-03,
       -7.24983394e-01, 7.79609457e-02, -8.89830366e-02, -4.32813428e-02,
       -2.41385363e-02, 1.26102194e-01, 1.95846632e-01, -1.54781014e-01,
       -2.61215810e-02, 2.53667571e-02, -6.43372536e-02, -5.02078794e-02,
       1.28223285e-01, 1.40230311e-02, -1.02943301e-01, 9.55966394e-03,
       -3.65457265e-03, -1.12357875e-02, -4.49122079e-02, 1.45980828e-02,
       -1.40955579e-02, -9.42463987e-03, -9.19465814e-03,
       -6.63824426e-03, -2.73819976e-02, 1.72933321e-02, -7.32573774e-03,
       1.28547370e-03, -2.46730237e-03, -1.64711140e-02, 6.13389676e-03,
       -6.62358897e-03, 7.10338950e-02, -9.18161720e-02, -1.86611965e-01,
       2.24326834e-01, -4.07116767e-03, -1.41019240e-01, -1.81304328e-02,
       6.83896104e-03, -2.34859902e-02, 1.21680340e-02, -3.86782660e-04,
       9.63838492e-03, 6.30305707e-03, -3.41361724e-02, -6.34154864e-03,
       1.12874294e-02, -2.18955497e-03, 3.00167017e-02, -2.68657668e-03,
       -1.10550094e-02, 2.04636878e-03, 4.19658748e-03, -2.00874545e-03,
       6.31707604e-04, 5.13398554e-03, -2.11994466e-03, -5.82584762e-04,
       -4.47950698e-03, -5.13172150e-03, 1.34251108e-02, -7.02189235e-03,
       1.40492041e-02, 4.22341585e-01, 7.49921352e-02, 2.50656009e-01,
       1.10422961e-01, -2.19525874e-01, 5.76861687e-02, 3.21925501e-03,
       1.12720709e-02, -1.07522830e-02, 5.05926087e-02, -4.97913063e-02,
       -4.35572937e-02, -3.37038450e-02, 4.84240614e-03, -6.46574248e-04,
       -7.61830136e-02, -6.47927970e-02, 1.83023848e-02, -3.68577503e-02,
       -1.92487314e-02, -1.13694929e-02, 2.26934091e-03, 1.36869410e-02,
       1.81201305e-02, 2.08813604e-02, -1.37236491e-02, -1.04175205e-03,
       -4.37805708e-03, 1.47272740e-02, 2.88336407e-02, -5.49487828e-04,
       7.52195669e-03, -2.44684264e-01, 1.64833754e-01, 5.02467990e-01,
       -8.06898102e-02, 1.67488530e-01, -8.55319872e-02, -1.32310819e-02,
       -2.16919214e-01, 2.26899087e-02, -2.21806616e-02, 3.98669951e-03,
       3.07968748e-03, -1.54508865e-02, -1.66108529e-03, -2.85957251e-02,
